01 #484848 (72, 72, 72)
02 #000000 (0, 0, 0)
03 #646464 (100, 100, 100)
04 #777777 (119, 119, 119)
05 #5A5A5A (90, 90, 90)
06 #328D29 (50, 141, 41)
07 #1A7244 (26, 114, 68)
08 #6FA430 (111, 164, 48)
09 #888888 (136, 136, 136)
10 #44891A (68, 137, 26)
11 #236612 (35, 102, 18)
12 #0E4B44 (14, 75, 68)
13 #363636 (54, 54, 54)
14 #98B843 (152, 184, 67)
15 #5C2D08 (92, 45, 8)
16 #723908 (114, 57, 8)
17 #979797 (151, 151, 151)
18 #2B2B2B (43, 43, 43)
19 #443C09 (68, 60, 9)
20 #75500F (117, 80, 15)
21 #6D380E (109, 56, 14)
22 #2B3007 (43, 48, 7)
23 #9C4236 (156, 66, 54)
24 #BECE2C (190, 206, 44)
25 #A1CB38 (161, 203, 56)
26 #832F15 (131, 47, 21)
27 #891EA5 (137, 30, 165)
28 #F2F2F2 (242, 242, 242)
29 #692510 (105, 37, 16)
30 #7E1010 (126, 16, 16)
31 #C91F1F (201, 31, 31)
32 #AA2929 (170, 41, 41)
33 #8BA6E3 (139, 166, 227)
34 #FFDD00 (255, 221, 0)
35 #AD99B3 (173, 153, 179)
36 #D1545C (209, 84, 92)
