01 #6FA430 (111, 164, 48)
02 #767676 (118, 118, 118)
03 #5B2C08 (91, 44, 8)
04 #75500F (117, 80, 15)
05 #4B2407 (75, 36, 7)
06 #4370D0 (67, 112, 208)
07 #666666 (102, 102, 102)
08 #6D380E (109, 56, 14)
09 #3C2406 (60, 36, 6)
10 #575757 (87, 87, 87)
11 #44891A (68, 137, 26)
12 #000000 (0, 0, 0)
13 #4A4A4A (74, 74, 74)
14 #5B80D6 (91, 128, 214)
15 #875E15 (135, 94, 21)
16 #321D06 (50, 29, 6)
17 #868686 (134, 134, 134)
18 #66460E (102, 70, 14)
19 #8BA6E3 (139, 166, 227)
20 #3659C8 (54, 89, 200)
21 #363636 (54, 54, 54)
22 #3645C8 (54, 69, 200)
23 #2C38A1 (44, 56, 161)
24 #2B2B2B (43, 43, 43)
25 #1A7244 (26, 114, 68)
26 #979797 (151, 151, 151)
27 #451C08 (69, 28, 8)
28 #271704 (39, 23, 4)
29 #A1CB38 (161, 203, 56)
