01 #4C4C4C (76, 76, 76)
02 #242424 (36, 36, 36)
03 #616161 (97, 97, 97)
04 #757575 (117, 117, 117)
05 #35962C (53, 150, 44)
06 #1C7D4A (28, 125, 74)
07 #65962C (101, 150, 44)
08 #8A8A8A (138, 138, 138)
09 #408118 (64, 129, 24)
10 #215F11 (33, 95, 17)
11 #0B3C37 (11, 60, 55)
12 #383838 (56, 56, 56)
13 #8EAC3F (142, 172, 63)
14 #673209 (103, 50, 9)
15 #693407 (105, 52, 7)
16 #9E9E9E (158, 158, 158)
17 #3F3808 (63, 56, 8)
18 #63440D (99, 68, 13)
19 #63330D (99, 51, 13)
20 #383E09 (56, 62, 9)
21 #903D32 (144, 61, 50)
22 #B2C129 (178, 193, 41)
23 #A7CE45 (167, 206, 69)
24 #842F15 (132, 47, 21)
25 #881EA4 (136, 30, 164)
26 #C7C7C7 (199, 199, 199)
27 #61220F (97, 34, 15)
28 #881111 (136, 17, 17)
29 #CB1F1F (203, 31, 31)
30 #9C2626 (156, 38, 38)
31 #84A0E1 (132, 160, 225)
32 #EBCB00 (235, 203, 0)
33 #A690AC (166, 144, 172)
34 #CD464F (205, 70, 79)
