01 #4D4D4D (77, 77, 77)
02 #050505 (5, 5, 5)
03 #696969 (105, 105, 105)
04 #7C7C7C (124, 124, 124)
05 #5F5F5F (95, 95, 95)
06 #41952B (65, 149, 43)
07 #1C7A3E (28, 122, 62)
08 #83AC32 (131, 172, 50)
09 #8D8D8D (141, 141, 141)
10 #56921C (86, 146, 28)
11 #316F14 (49, 111, 20)
12 #105444 (16, 84, 68)
13 #3B3B3B (59, 59, 59)
14 #ABBD49 (171, 189, 73)
15 #652609 (101, 38, 9)
16 #7C3009 (124, 48, 9)
17 #9C9C9C (156, 156, 156)
18 #303030 (48, 48, 48)
19 #4D3C0A (77, 60, 10)
20 #7E4910 (126, 73, 16)
21 #76300F (118, 48, 15)
22 #393908 (57, 57, 8)
23 #A43939 (164, 57, 57)
24 #D3D031 (211, 208, 49)
25 #B6CD40 (182, 205, 64)
26 #8C2416 (140, 36, 22)
27 #7F20AE (127, 32, 174)
28 #F7F7F7 (247, 247, 247)
29 #721D11 (114, 29, 17)
30 #87111F (135, 17, 31)
31 #D22036 (210, 32, 54)
32 #B22B3B (178, 43, 59)
33 #93B6E5 (147, 182, 229)
34 #FFC10A (255, 193, 10)
35 #AF9FB7 (175, 159, 183)
36 #D35C72 (211, 92, 114)
