01 #393939 (57, 57, 57)
02 #000000 (0, 0, 0)
03 #555555 (85, 85, 85)
04 #777777 (119, 119, 119)
05 #4B4B4B (75, 75, 75)
06 #2A7522 (42, 117, 34)
07 #145935 (20, 89, 53)
08 #5F8C29 (95, 140, 41)
09 #888888 (136, 136, 136)
10 #376F15 (55, 111, 21)
11 #1A4C0D (26, 76, 13)
12 #09312D (9, 49, 45)
13 #272727 (39, 39, 39)
14 #98B843 (152, 184, 67)
15 #401F06 (64, 31, 6)
16 #552B06 (85, 43, 6)
17 #979797 (151, 151, 151)
18 #1C1C1C (28, 28, 28)
19 #292405 (41, 36, 5)
20 #5A3D0C (90, 61, 12)
21 #522A0B (82, 42, 11)
22 #131503 (19, 21, 3)
23 #85382E (133, 56, 46)
24 #BECE2C (190, 206, 44)
25 #A1CB38 (161, 203, 56)
26 #692611 (105, 38, 17)
27 #74198B (116, 25, 139)
28 #FFFFFF (255, 255, 255)
29 #4E1C0C (78, 28, 12)
30 #630D0D (99, 13, 13)
31 #C91F1F (201, 31, 31)
32 #912323 (145, 35, 35)
33 #A0B6E8 (160, 182, 232)
34 #FFDD00 (255, 221, 0)
35 #B9A8BE (185, 168, 190)
36 #D1545C (209, 84, 92)
